1652437942.03
1652437996.94
1652438027.97
1652438075.33
1652438104.07
1652438131.63
1652438203.83
1652438232.09
1652438261.54
1652438290.72
1652438323.55
1652438350.94
1652438377.97
1652438417.42
1652438446.61
1652438481.35
1652438509.83
1652438538.72
1652438565.52
1652438593.96
1652438624.59
1652438652.46
1652438690.23
1652438776.47
1652438804.73
1652438832.35
1652438861.13
1652438891.38
1652438920.53
1652438948.76
1652438977.12
1652439021.73
1652439051.16
1652439078.63
1652439097.62
1652439134.46
1652439163.57
1652439197.13
1652439226.36
1652439254.95
1652439325.93
1652439354.95
1652439382.83
1652439412.16
1652439445.92
1652439475.36
1652439504.12
1652439537.48
1652439574.79
1652439619.74
1652439649.48
1652439678.9
1652439712.84
1652439742.13
1652439769.57
1652439797.83
1652439826.33
1652439855.76
1652442782.68
1652442813.23
1652442841.69
1652442874.14
1652442893.53
1652442922.87
1652442952.79
1652442980.32
1652443014.08
1652443042.88
1652443127.58
1652443155.29
1652443173.57
1652443221.24
1652443273.26
1652443302.57
1652443331.63
1652443380.99
1652443444.44
1652443473.13
1652443510.83
1652443541.23
1652443581.39
1652443626.05
1652443672.53
1652443701.72
1652443755.06
1652443784.63
1652443803.27
1652443821.86
1652443840.43
1652443869.42
1652443899.15
1652443928.02
1652443957.66
1652444008.83
1652444037.53
1652444066.89
1652444096.39
1652444124.45
1652444172.09
1652444201.58
1652444230.35
1652444259.32
1652444289.66
1652444318.28
1652444346.93
1652444375.99