1652437916.886011
1652437971.8947904
1652438002.479205
1652438049.9918954
1652438078.8808186
1652438107.1687555
1652438132.2895222
1652438147.8733265
1652438177.9540994
1652438207.0343678
1652438236.0745883
1652438265.6270733
1652438298.0196285
1652438326.051914
1652438354.7483602
1652438392.389417
1652438421.2375312
1652438455.789914
1652438484.6549187
1652438513.5203433
1652438541.055071
1652438568.0955133
1652438599.6160352
1652438627.0726154
1652438654.5929658
1652438751.5861533
1652438779.6024537
1652438806.819574
1652438836.1955106
1652438865.3240466
1652438895.0360837
1652438923.2125328
1652438951.5970438
1652438978.3012736
1652438995.8775163
1652439025.0223207
1652439053.8063965
1652439082.0309858
1652439109.2713072
1652439138.0317097
1652439171.912077
1652439201.0244794
1652439229.5129085
1652439257.121275
1652439282.434484
1652439300.4579623
1652439329.5302975
1652439357.9067843
1652439387.3475044
1652439420.4517817
1652439450.0698779
1652439478.180679
1652439510.9977875
1652439540.7895877
1652439594.646287
1652439623.4785843
1652439653.3752594
1652439688.1755583
1652439715.5599642
1652439744.384568
1652439772.072909
1652439800.8347652
1652439830.1216238
1652442721.7796752
1652442757.172065
1652442786.6273024
1652442816.2427282
1652442849.0831711
1652442877.699625
1652442897.9079702
1652442926.5164332
1652442955.3348415
1652442988.6775877
1652443017.1818976
1652443069.49433
1652443100.7986898
1652443129.9590566
1652443158.6080523
1652443177.703801
1652443195.328061
1652443227.8485172
1652443247.8648348
1652443277.585131
1652443306.1697369
1652443355.0597026
1652443419.2431405
1652443447.4437294
1652443484.1720924
1652443516.108528
1652443541.805024
1652443556.134757
1652443600.8778145
1652443630.4542782
1652443647.2706876
1652443675.9990356
1652443705.1911974
1652443729.7676122
1652443757.8320158
1652443788.1045487
1652443806.5527778
1652443825.2013168
1652443844.1614656
1652443873.097554
1652443902.282013
1652443931.8584664
1652443961.43513
1652443982.9797668
1652444011.6437562
1652444041.7319553
1652444071.4926114
1652444099.2929716
1652444129.4373999
1652444157.0056374
1652444176.6229467
1652444204.214325
1652444233.8227558
1652444263.82317
1652444292.6875494
1652444321.4160025
1652444350.7044163
